8640	 8790	 8640	 956
8641	 8650	 8641	 985
8641	 8724	 86410	 986
8642	 8719	 8642	 1016
8643	 8717	 8643	 1040
8643	 8792	 86430	 1041
8644	 8725	 8644	 1071
8645	 8720	 8645	 1102
8645	 8724	 86450	 1103
8645	 8795	 864500	 1104
8645	 8865	 8645000	 1105
8646	 8647	 8646	 1129
8647	 8652	 8647	 1151
8648	 8876	 8648	 1180
8648	 8794	 86480	 1181
8649	 8801	 8649	 1203
8650	 8642	 8650	 1223
8651	 8800	 8651	 1237
8653	 8659	 8653	 1292
8653	 8721	 86530	 1293
8653	 8734	 865300	 1294
8654	 8805	 8654	 1321
8655	 8721	 8655	 1354
8656	 8647	 8656	 1375
8656	 8651	 86560	 1376
8657	 8808	 8657	 1406
8657	 8666	 86570	 1407
8658	 8661	 8658	 1431
8659	 8664	 8659	 1459
8659	 8650	 86590	 1460
8660	 8812	 8660	 1481
8660	 8809	 86600	 1482
8660	 8813	 866000	 1483
8660	 8737	 8660000	 1484
8661	 8662	 8661	 1508
8661	 8817	 86610	 1509
8662	 8659	 8662	 1532
8662	 8815	 86620	 1533
8663	 8654	 8663	 1563
8664	 8821	 8664	 1577
8664	 8659	 86640	 1578
8664	 8743	 866400	 1579
8665	 8890	 8665	 1606
8665	 8887	 86650	 1607
8665	 8672	 866500	 1608
8666	 8660	 8666	 1634
8666	 8743	 86660	 1635
8666	 8671	 866600	 1636
8667	 8734	 8667	 1663
8667	 8819	 86670	 1664
8668	 8812	 8668	 1687
8669	 8739	 8669	 1718
8670	 8825	 8670	 1747
8670	 8739	 86700	 1748
8673	 8817	 8673	 1820
8673	 8748	 86730	 1821
8673	 8823	 867300	 1822
8674	 8673	 8674	 1848
8675	 8676	 8675	 1871
8676	 8826	 8676	 1903
8676	 8825	 86760	 1904
8678	 8751	 8678	 1963
8678	 8755	 86780	 1964
8678	 8823	 867800	 1965
8679	 8749	 8679	 1998
8679	 8686	 86790	 1999
8679	 8753	 867900	 2000
8680	 8670	 8680	 2033
8681	 8680	 8681	 2065
8682	 8904	 8682	 2093
8683	 8674	 8683	 2126
8684	 8764	 8684	 2156
8684	 8763	 86840	 2157
8684	 8678	 868400	 2158
8685	 8839	 8685	 2189
8685	 8686	 86850	 2190
8686	 8696	 8686	 2210
8687	 8912	 8687	 2237
8687	 8696	 86870	 2238
8687	 8752	 868700	 2239
8688	 8916	 8688	 2256
8689	 8769	 8689	 2274
8691	 8763	 8691	 2318
8700	 8774	 8700	 0
8700	 8710	 87000	 1
8701	 8697	 8701	 22
8701	 8696	 87010	 23
8702	 8768	 8702	 46
8702	 8697	 87020	 47
8705	 8701	 8705	 127
8705	 8780	 87050	 128
8705	 8853	 870500	 129
8705	 8784	 8705000	 130
8706	 8856	 8706	 152
8707	 8863	 8707	 180
8708	 8785	 8708	 209
8708	 8778	 87080	 210
8709	 8788	 8709	 231
8709	 8700	 87090	 232
8710	 8935	 8710	 256
8710	 8707	 87100	 257
8710	 8775	 871000	 258
8711	 8855	 8711	 282
8711	 8788	 87110	 283
8711	 8936	 871100	 284
8712	 8788	 8712	 305
8712	 8861	 87120	 306
8713	 8708	 8713	 331
8714	 8859	 8714	 354
8715	 8641	 8715	 373
8715	 8940	 87150	 374
8715	 8798	 871500	 375
8716	 8651	 8716	 406
8716	 8647	 87160	 407
8716	 8868	 871600	 408
8717	 8873	 8717	 438
8717	 8872	 87170	 439
8718	 8650	 8718	 463
8719	 8722	 8719	 483
8720	 8790	 8720	 507
8721	 8719	 8721	 527
8721	 8725	 87210	 528
8722	 8731	 8722	 549
8725	 8659	 8725	 626
8725	 8800	 87250	 627
8725	 8719	 872500	 628
8725	 8641	 8725000	 629
8726	 8643	 8726	 651
8726	 8870	 87260	 652
8727	 8876	 8727	 673
8727	 8811	 87270	 674
8728	 8794	 8728	 696
8728	 8656	 87280	 697
8729	 8732	 8729	 719
8729	 8645	 87290	 720
8730	 8879	 8730	 744
8730	 8738	 87300	 745
8731	 8665	 8731	 769
8731	 8736	 87310	 770
8732	 8887	 8732	 787
8732	 8802	 87320	 788
8733	 8667	 8733	 810
8734	 8660	 8734	 832
8737	 8806	 8737	 894
8738	 8654	 8738	 906
8739	 8746	 8739	 928
8739	 8967	 87390	 929
8740	 8670	 8740	 957
8740	 8672	 87400	 958
8741	 8735	 8741	 987
8741	 8750	 87410	 988
8743	 8820	 8743	 1042
8743	 8737	 87430	 1043
8745	 8902	 8745	 1106
8746	 8674	 8746	 1130
8747	 8817	 8747	 1152
8747	 8972	 87470	 1153
8748	 8742	 8748	 1182
8749	 8667	 8749	 1204
8751	 8831	 8751	 1238
8752	 8667	 8752	 1270
8752	 8748	 87520	 1271
8752	 8758	 875200	 1272
8753	 8669	 8753	 1295
8753	 8743	 87530	 1296
8754	 8670	 8754	 1322
8755	 8827	 8755	 1355
8756	 8680	 8756	 1377
8756	 8981	 87560	 1378
8756	 8753	 875600	 1379
8757	 8756	 8757	 1408
8757	 8911	 87570	 1409
8757	 8686	 875700	 1410
8757	 8839	 8757000	 1411
8757	 8823	 87570000	 1412
8758	 8685	 8758	 1432
8758	 8675	 87580	 1433
8759	 8912	 8759	 1461
8759	 8757	 87590	 1462
8759	 8827	 875900	 1463
8759	 8843	 8759000	 1464
8759	 8693	 87590000	 1465
8760	 8691	 8760	 1485
8761	 8756	 8761	 1510
8762	 8695	 8762	 1534
8762	 8768	 87620	 1535
8762	 8917	 876200	 1536
8764	 8833	 8764	 1580
8764	 8698	 87640	 1581
8765	 8843	 8765	 1609
8765	 8846	 87650	 1610
8766	 8760	 8766	 1637
8766	 8849	 87660	 1638
8767	 8695	 8767	 1665
8769	 8854	 8769	 1719
8770	 8914	 8770	 1749
8772	 8689	 8772	 1798
8772	 8856	 87720	 1799
8773	 8778	 8773	 1823
8773	 8708	 87730	 1824
8773	 8783	 877300	 1825
8775	 8784	 8775	 1872
8776	 8921	 8776	 1905
8776	 8925	 87760	 1906
8776	 8706	 877600	 1907
8776	 8702	 8776000	 1908
8777	 8706	 8777	 1935
8778	 8931	 8778	 1966
8778	 8926	 87780	 1967
8778	 8923	 877800	 1968
8778	 8782	 8778000	 1969
8779	 8789	 8779	 2001
8779	 8778	 87790	 2002
8779	 8926	 877900	 2003
8779	 8929	 8779000	 2004
8780	 8694	 8780	 2034
8781	 8861	 8781	 2066
8781	 8703	 87810	 2067
8782	 8700	 8782	 2094
8783	 8926	 8783	 2127
8784	 8775	 8784	 2159
8784	 8714	 87840	 2160
8784	 8863	 878400	 2161
8784	 8780	 8784000	 2162
8785	 8705	 8785	 2191
8785	 9007	 87850	 2192
8786	 8776	 8786	 2211
8786	 8713	 87860	 2212
8786	 8777	 878600	 2213
8787	 8783	 8787	 2240
8787	 8860	 87870	 2241
8789	 8935	 8789	 2275
8789	 8710	 87890	 2276
8791	 8724	 8791	 2319
8791	 8793	 87910	 2320
8792	 8798	 8792	 2345
8793	 8941	 8793	 2361
8800	 8873	 8800	 2
8801	 8802	 8801	 24
8802	 8735	 8802	 48
8802	 8803	 88020	 49
8802	 8655	 880200	 50
8803	 8955	 8803	 76
8803	 8720	 88030	 77
8803	 8653	 880300	 78
8803	 8885	 8803000	 79
8804	 8960	 8804	 101
8804	 8802	 88040	 102
8805	 8886	 8805	 131
8805	 8812	 88050	 132
8805	 8958	 880500	 133
8806	 8662	 8806	 153
8806	 9033	 88060	 154
8807	 8950	 8807	 181
8807	 8951	 88070	 182
8808	 8737	 8808	 211
8810	 8879	 8810	 259
8811	 8814	 8811	 285
8811	 8894	 88110	 286
8811	 8896	 881100	 287
8812	 8734	 8812	 307
8812	 8955	 88120	 308
8812	 8727	 881200	 309
8815	 8663	 8815	 376
8815	 8889	 88150	 377
8816	 8807	 8816	 409
8816	 8741	 88160	 410
8817	 8742	 8817	 440
8818	 8821	 8818	 464
8819	 8894	 8819	 484
8819	 8744	 88190	 485
8820	 8742	 8820	 508
8821	 8749	 8821	 529
8821	 8889	 88210	 530
8821	 8815	 882100	 531
8821	 8756	 8821000	 532
8821	 8899	 88210000	 533
8822	 8888	 8822	 550
8822	 8975	 88220	 551
8823	 8896	 8823	 578
8824	 8816	 8824	 602
8825	 8740	 8825	 630
8825	 8900	 88250	 631
8825	 8970	 882500	 632
8826	 8835	 8826	 653
8826	 8761	 88260	 654
8826	 8821	 882600	 655
8826	 8904	 8826000	 656
8826	 8828	 88260000	 657
8827	 8758	 8827	 675
8828	 8818	 8828	 698
8831	 8764	 8831	 771
8831	 8756	 88310	 772
8832	 8828	 8832	 789
8833	 8908	 8833	 811
8833	 8687	 88330	 812
8834	 8824	 8834	 833
8834	 8904	 88340	 834
8835	 8905	 8835	 854
8835	 8760	 88350	 855
8835	 8826	 883500	 856
8836	 8913	 8836	 874
8836	 8758	 88360	 875
8839	 8687	 8839	 930
8839	 8906	 88390	 931
8839	 8754	 883900	 932
8842	 8988	 8842	 1017
8842	 8912	 88420	 1018
8842	 8768	 884200	 1019
8843	 8846	 8843	 1044
8843	 8772	 88430	 1045
8844	 8694	 8844	 1072
8845	 8840	 8845	 1107
8846	 8692	 8846	 1131
8848	 8782	 8848	 1183
8848	 8925	 88480	 1184
8848	 8916	 884800	 1185
8849	 9074	 8849	 1205
8850	 8779	 8850	 1224
8850	 8860	 88500	 1225
8852	 8847	 8852	 1273
8853	 8701	 8853	 1297
8855	 8864	 8855	 1356
8856	 8937	 8856	 1380
8856	 9004	 88560	 1381
8856	 9000	 885600	 1382
8859	 8703	 8859	 1466
8860	 8776	 8860	 1486
8861	 8852	 8861	 1511
8862	 8939	 8862	 1537
8862	 8937	 88620	 1538
8862	 9011	 886200	 1539
8863	 8713	 8863	 1564
8863	 8786	 88630	 1565
8864	 8710	 8864	 1582
8865	 8799	 8865	 1611
8866	 8949	 8866	 1639
8867	 8716	 8867	 1666
8868	 8802	 8868	 1688
8869	 8790	 8869	 1720
8870	 8642	 8870	 1750
8870	 9019	 88700	 1751
8870	 8871	 887000	 1752
8871	 9018	 8871	 1770
8873	 8876	 8873	 1826
8873	 9019	 88730	 1827
8874	 9023	 8874	 1849
8875	 8885	 8875	 1873
8875	 8803	 88750	 1874
8876	 8810	 8876	 1909
8877	 8726	 8877	 1936
8877	 8952	 88770	 1937
8877	 8953	 887700	 1938
8878	 8731	 8878	 1970
8878	 8799	 88780	 1971
8878	 8802	 887800	 1972
8879	 9104	 8879	 2005
8879	 8810	 88790	 2006
8879	 8794	 887900	 2007
8881	 8891	 8881	 2068
8883	 8960	 8883	 2128
8883	 8810	 88830	 2129
8884	 9039	 8884	 2163
8884	 8955	 88840	 2164
8884	 8874	 888400	 2165
8885	 8966	 8885	 2193
8885	 8818	 88850	 2194
8886	 8802	 8886	 2214
8886	 8740	 88860	 2215
8886	 8953	 888600	 2216
8887	 8891	 8887	 2242
8888	 9034	 8888	 2257
8889	 8961	 8889	 2277
8889	 8740	 88890	 2278
8891	 8811	 8891	 2321
8893	 8968	 8893	 2362
8893	 8901	 88930	 2363
8893	 8811	 889300	 2364
8900	 8902	 8900	 3
8900	 8908	 89000	 4
8900	 9128	 890000	 5
8901	 8896	 8901	 25
8902	 8748	 8902	 51
8902	 8907	 89020	 52
8902	 8969	 890200	 53
8903	 8970	 8903	 80
8903	 9124	 89030	 81
8904	 8756	 8904	 103
8904	 8909	 89040	 104
8905	 8896	 8905	 134
8907	 8974	 8907	 183
8907	 8840	 89070	 184
8908	 8837	 8908	 212
8908	 9065	 89080	 213
8908	 8830	 890800	 214
8909	 8759	 8909	 233
8909	 8992	 89090	 234
8909	 8982	 890900	 235
8910	 8838	 8910	 260
8910	 8757	 89100	 261
8911	 8994	 8911	 288
8911	 8980	 89110	 289
8911	 9061	 891100	 290
8911	 8834	 8911000	 291
8911	 8844	 89110000	 292
8912	 8758	 8912	 310
8913	 8916	 8913	 332
8913	 8917	 89130	 333
8914	 8836	 8914	 355
8915	 8764	 8915	 378
8915	 9063	 89150	 379
8916	 8691	 8916	 411
8917	 9062	 8917	 441
8918	 8764	 8918	 465
8919	 8988	 8919	 486
8919	 8910	 89190	 487
8920	 9003	 8920	 509
8921	 8845	 8921	 534
8922	 8776	 8922	 552
8922	 8770	 89220	 553
8923	 8929	 8923	 579
8923	 9151	 89230	 580
8923	 8928	 892300	 581
8924	 9004	 8924	 603
8924	 8914	 89240	 604
8924	 8992	 892400	 605
8925	 8921	 8925	 633
8926	 8923	 8926	 658
8927	 8857	 8927	 676
8928	 8922	 8928	 699
8929	 8859	 8929	 721
8930	 9086	 8930	 746
8931	 8999	 8931	 773
8932	 8858	 8932	 790
8933	 8785	 8933	 813
8933	 8789	 89330	 814
8933	 9077	 893300	 815
8934	 9005	 8934	 835
8937	 8856	 8937	 895
8937	 9007	 89370	 896
8938	 9004	 8938	 907
8938	 9010	 89380	 908
8939	 9161	 8939	 933
8940	 9025	 8940	 959
8940	 9015	 89400	 960
8940	 8945	 894000	 961
8941	 8951	 8941	 989
8941	 8866	 89410	 990
8941	 8876	 894100	 991
8942	 9092	 8942	 1020
8943	 9096	 8943	 1046
8944	 9093	 8944	 1073
8944	 8943	 89440	 1074
8944	 8878	 894400	 1075
8945	 8798	 8945	 1108
8946	 8797	 8946	 1132
8946	 9023	 89460	 1133
8946	 8953	 894600	 1134
8947	 8802	 8947	 1154
8949	 8871	 8949	 1206
8949	 9034	 89490	 1207
8950	 8881	 8950	 1226
8951	 8807	 8951	 1239
8951	 8875	 89510	 1240
8952	 8887	 8952	 1274
8952	 8944	 89520	 1275
8953	 8868	 8953	 1298
8953	 9028	 89530	 1299
8953	 9037	 895300	 1300
8953	 8808	 8953000	 1301
8954	 8870	 8954	 1323
8954	 8962	 89540	 1324
8955	 9034	 8955	 1357
8955	 9177	 89550	 1358
8955	 8951	 895500	 1359
8956	 8879	 8956	 1383
8957	 8955	 8957	 1413
8958	 8881	 8958	 1434
8958	 8883	 89580	 1435
8962	 8737	 8962	 1540
8963	 8958	 8963	 1566
8964	 8820	 8964	 1583
8964	 8958	 89640	 1584
8964	 8974	 896400	 1585
8964	 9120	 8964000	 1586
8965	 8895	 8965	 1612
8965	 8816	 89650	 1613
8965	 9047	 896500	 1614
8965	 8880	 8965000	 1615
8966	 9113	 8966	 1640
8966	 9042	 89660	 1641
8966	 8969	 896600	 1642
8966	 8812	 8966000	 1643
8967	 8966	 8967	 1667
8968	 9120	 8968	 1689
8968	 8965	 89680	 1690
8968	 8887	 896800	 1691
8969	 9118	 8969	 1721
8971	 8961	 8971	 1771
8971	 8826	 89710	 1772
8972	 8895	 8972	 1800
8972	 8977	 89720	 1801
8974	 8905	 8974	 1850
8975	 8827	 8975	 1875
8975	 9197	 89750	 1876
8975	 8968	 897500	 1877
8976	 8911	 8976	 1910
8977	 8902	 8977	 1939
8977	 8984	 89770	 1940
8980	 9135	 8980	 2035
8980	 8972	 89800	 2036
8980	 9127	 898000	 2037
8981	 8833	 8981	 2069
8981	 9059	 89810	 2070
8981	 9053	 898100	 2071
8982	 9137	 8982	 2095
8982	 8837	 89820	 2096
8982	 9139	 898200	 2097
8983	 8832	 8983	 2130
8983	 9062	 89830	 2131
8983	 9209	 898300	 2132
8986	 8996	 8986	 2217
8986	 8981	 89860	 2218
8988	 8998	 8988	 2258
8990	 8917	 8990	 2299
8990	 8987	 89900	 2300
8991	 8915	 8991	 2322
8991	 9135	 89910	 2323
8991	 8983	 899100	 2324
8992	 8839	 8992	 2346
8993	 8919	 8993	 2365
8993	 9001	 89930	 2366
9002	 9155	 9002	 54
9003	 9076	 9003	 82
9006	 8863	 9006	 155
9007	 8931	 9007	 185
9010	 9076	 9010	 262
9010	 8859	 90100	 263
9011	 9008	 9011	 293
9011	 8936	 90110	 294
9011	 8938	 901100	 295
9014	 8861	 9014	 356
9015	 9025	 9015	 380
9015	 8869	 90150	 381
9015	 8949	 901500	 382
9016	 9099	 9016	 412
9016	 8791	 90160	 413
9017	 9173	 9017	 442
9017	 9015	 90170	 443
9017	 9020	 901700	 444
9018	 8867	 9018	 466
9019	 9172	 9019	 488
9020	 8943	 9020	 510
9022	 9090	 9022	 554
9023	 8940	 9023	 582
9023	 8878	 90230	 583
9024	 9091	 9024	 606
9024	 8796	 90240	 607
9027	 9097	 9027	 677
9028	 8955	 9028	 700
9029	 9106	 9029	 722
9030	 8802	 9030	 747
9032	 9028	 9032	 791
9032	 8875	 90320	 792
9033	 9115	 9033	 816
9034	 8957	 9034	 836
9034	 9107	 90340	 837
9034	 8953	 903400	 838
9034	 9043	 9034000	 839
9035	 9119	 9035	 857
9035	 9181	 90350	 858
9036	 8893	 9036	 876
9036	 9121	 90360	 877
9037	 9182	 9037	 897
9038	 8884	 9038	 909
9038	 9112	 90380	 910
9038	 8969	 903800	 911
9039	 8964	 9039	 934
9039	 9110	 90390	 935
9039	 9115	 903900	 936
9040	 9124	 9040	 962
9041	 8887	 9041	 992
9041	 9266	 90410	 993
9042	 9038	 9042	 1021
9042	 9037	 90420	 1022
9042	 8895	 904200	 1023
9042	 9040	 9042000	 1024
9043	 8900	 9043	 1047
9045	 8895	 9045	 1109
9046	 8824	 9046	 1135
9046	 8891	 90460	 1136
9047	 9045	 9047	 1155
9047	 8964	 90470	 1156
9047	 8894	 904700	 1157
9047	 9116	 9047000	 1158
9049	 9048	 9049	 1208
9051	 9061	 9051	 1241
9051	 9120	 90510	 1242
9051	 9129	 905100	 1243
9051	 8973	 9051000	 1244
9052	 9053	 9052	 1276
9053	 8903	 9053	 1302
9053	 8976	 90530	 1303
9053	 9057	 905300	 1304
9054	 9052	 9054	 1325
9054	 9060	 90540	 1326
9054	 8904	 905400	 1327
9054	 9204	 9054000	 1328
9055	 9051	 9055	 1360
9055	 9045	 90550	 1361
9056	 8828	 9056	 1384
9057	 9214	 9057	 1414
9057	 8974	 90570	 1415
9058	 8991	 9058	 1436
9058	 8909	 90580	 1437
9060	 9139	 9060	 1487
9060	 9204	 90600	 1488
9060	 9129	 906000	 1489
9061	 9065	 9061	 1512
9061	 8979	 90610	 1513
9062	 8913	 9062	 1541
9064	 8998	 9064	 1587
9064	 9212	 90640	 1588
9064	 9067	 906400	 1589
9065	 9060	 9065	 1616
9065	 8981	 90650	 1617
9065	 8921	 906500	 1618
9066	 8987	 9066	 1644
9066	 9072	 90660	 1645
9066	 8997	 906600	 1646
9067	 8921	 9067	 1668
9067	 9223	 90670	 1669
9067	 9058	 906700	 1670
9069	 9144	 9069	 1722
9069	 8923	 90690	 1723
9069	 8991	 906900	 1724
9069	 9072	 9069000	 1725
9071	 9296	 9071	 1773
9071	 8920	 90710	 1774
9074	 8994	 9074	 1851
9075	 9079	 9075	 1878
9075	 9085	 90750	 1879
9075	 8920	 907500	 1880
9076	 8994	 9076	 1911
9076	 9077	 90760	 1912
9077	 8996	 9077	 1941
9078	 8928	 9078	 1973
9079	 8994	 9079	 2008
9081	 9002	 9081	 2072
9081	 9157	 90810	 2073
9081	 9152	 908100	 2074
9081	 9308	 9081000	 2075
9082	 9163	 9082	 2098
9083	 9076	 9083	 2133
9083	 9150	 90830	 2134
9083	 8939	 908300	 2135
9084	 8856	 9084	 2166
9085	 9313	 9085	 2195
9086	 9003	 9086	 2219
9088	 9310	 9088	 2259
9089	 8935	 9089	 2279
9090	 9169	 9090	 2301
9091	 8942	 9091	 2325
9092	 9016	 9092	 2347
9093	 9102	 9093	 2367
9101	 9102	 9101	 26
9101	 9096	 91010	 27
9102	 9099	 9102	 55
9103	 9183	 9103	 83
9104	 9037	 9104	 105
9105	 9187	 9105	 135
9105	 9096	 91050	 136
9106	 9029	 9106	 156
9106	 9031	 91060	 157
9106	 9191	 910600	 158
9106	 9253	 9106000	 159
9107	 9190	 9107	 186
9107	 9175	 91070	 187
9109	 9038	 9109	 236
9109	 9179	 91090	 237
9110	 9040	 9110	 264
9110	 8960	 91100	 265
9110	 8888	 911000	 266
9111	 9116	 9111	 296
9112	 9268	 9112	 311
9112	 9182	 91120	 312
9112	 9191	 911200	 313
9112	 9029	 9112000	 314
9113	 9197	 9113	 334
9113	 9031	 91130	 335
9113	 9028	 911300	 336
9114	 9106	 9114	 357
9116	 9262	 9116	 414
9116	 9045	 91160	 415
9117	 9195	 9117	 445
9117	 9049	 91170	 446
9118	 9200	 9118	 467
9118	 8973	 91180	 468
9118	 8893	 911800	 469
9119	 9039	 9119	 489
9119	 9125	 91190	 490
9120	 8971	 9120	 511
9120	 9130	 91200	 512
9120	 9044	 912000	 513
9122	 9125	 9122	 555
9122	 9051	 91220	 556
9123	 8975	 9123	 584
9124	 9043	 9124	 608
9125	 9204	 9125	 634
9125	 9200	 91250	 635
9127	 9205	 9127	 678
9127	 8984	 91270	 679
9127	 9208	 912700	 680
9128	 8974	 9128	 701
9128	 9118	 91280	 702
9128	 9061	 912800	 703
9129	 9060	 9129	 723
9130	 9060	 9130	 748
9133	 9206	 9133	 817
9133	 9048	 91330	 818
9133	 9198	 913300	 819
9133	 9134	 9133000	 820
9134	 9212	 9134	 840
9134	 9065	 91340	 841
9135	 9290	 9135	 859
9135	 9069	 91350	 860
9135	 9210	 913500	 861
9138	 9136	 9138	 912
9138	 8995	 91380	 913
9139	 9296	 9139	 937
9139	 9066	 91390	 938
9139	 9289	 913900	 939
9141	 9224	 9141	 994
9141	 9220	 91410	 995
9144	 9139	 9144	 1076
9144	 9296	 91440	 1077
9147	 9080	 9147	 1159
9147	 9220	 91470	 1160
9147	 9072	 914700	 1161
9148	 9140	 9148	 1186
9148	 9064	 91480	 1187
9149	 9143	 9149	 1209
9151	 9235	 9151	 1245
9151	 8996	 91510	 1246
9151	 9217	 915100	 1247
9151	 9081	 9151000	 1248
9151	 9218	 91510000	 1249
9152	 9295	 9152	 1277
9153	 9307	 9153	 1305
9154	 9302	 9154	 1329
9154	 9010	 91540	 1330
9154	 9149	 915400	 1331
9154	 9237	 9154000	 1332
9154	 9160	 91540000	 1333
9156	 9005	 9156	 1385
9157	 9080	 9157	 1416
9157	 9305	 91570	 1417
9157	 9227	 915700	 1418
9158	 9078	 9158	 1438
9160	 9006	 9160	 1490
9161	 9078	 9161	 1514
9161	 9082	 91610	 1515
9161	 9077	 916100	 1516
9162	 9233	 9162	 1542
9164	 9238	 9164	 1590
9165	 9018	 9165	 1619
9166	 9093	 9166	 1647
9168	 9243	 9168	 1692
9168	 9165	 91680	 1693
9169	 9100	 9169	 1726
9169	 9165	 91690	 1727
9169	 9093	 916900	 1728
9170	 9251	 9170	 1753
9170	 9241	 91700	 1754
9171	 9024	 9171	 1775
9172	 9397	 9172	 1802
9172	 9251	 91720	 1803
9173	 9167	 9173	 1828
9173	 9242	 91730	 1829
9174	 9240	 9174	 1852
9174	 9028	 91740	 1853
9174	 9168	 917400	 1854
9175	 9094	 9175	 1881
9176	 9243	 9176	 1913
9176	 9174	 91760	 1914
9176	 8954	 917600	 1915
9176	 9326	 9176000	 1916
9178	 9325	 9178	 1974
9178	 9248	 91780	 1975
9178	 9112	 917800	 1976
9179	 9178	 9179	 2009
9179	 9026	 91790	 2010
9179	 9181	 917900	 2011
9180	 9335	 9180	 2038
9180	 9252	 91800	 2039
9181	 9099	 9181	 2076
9181	 9259	 91810	 2077
9182	 9328	 9182	 2099
9182	 9179	 91820	 2100
9183	 9181	 9183	 2136
9184	 9249	 9184	 2167
9184	 9194	 91840	 2168
9184	 9336	 918400	 2169
9186	 9265	 9186	 2220
9186	 8961	 91860	 2221
9186	 9118	 918600	 2222
9187	 9181	 9187	 2243
9187	 9178	 91870	 2244
9188	 9333	 9188	 2260
9190	 9110	 9190	 2302
9190	 9263	 91900	 2303
9190	 9047	 919000	 2304
9190	 9258	 9190000	 2305
9191	 9193	 9191	 2326
9192	 9274	 9192	 2348
9200	 9199	 9200	 6
9200	 9271	 92000	 7
9201	 9136	 9201	 28
9201	 9197	 92010	 29
9201	 9276	 920100	 30
9202	 9268	 9202	 56
9203	 9130	 9203	 84
9204	 9199	 9204	 106
9205	 9199	 9205	 137
9205	 9430	 92050	 138
9205	 9272	 920500	 139
9206	 8978	 9206	 160
9206	 8984	 92060	 161
9206	 9289	 920600	 162
9208	 9355	 9208	 215
9208	 9059	 92080	 216
9209	 9059	 9209	 238
9209	 9210	 92090	 239
9209	 9353	 920900	 240
9209	 9206	 9209000	 241
9209	 9137	 92090000	 242
9210	 9283	 9210	 267
9212	 9137	 9212	 315
9212	 9218	 92120	 316
9214	 9129	 9214	 358
9215	 9139	 9215	 383
9215	 9221	 92150	 384
9215	 9288	 921500	 385
9216	 9221	 9216	 416
9216	 9220	 92160	 417
9217	 9212	 9217	 447
9217	 9288	 92170	 448
9217	 8989	 921700	 449
9218	 9137	 9218	 470
9220	 9152	 9220	 514
9225	 9077	 9225	 636
9225	 9303	 92250	 637
9225	 9310	 922500	 638
9229	 9297	 9229	 724
9229	 9300	 92290	 725
9230	 9153	 9230	 749
9230	 9303	 92300	 750
9231	 9153	 9231	 774
9232	 9460	 9232	 793
9234	 9306	 9234	 842
9234	 9384	 92340	 843
9235	 9301	 9235	 862
9235	 9225	 92350	 863
9236	 9151	 9236	 878
9236	 9153	 92360	 879
9238	 9087	 9238	 914
9239	 9157	 9239	 940
9242	 9326	 9242	 1025
9242	 9248	 92420	 1026
9243	 9165	 9243	 1048
9243	 9242	 92430	 1049
9245	 9321	 9245	 1110
9246	 9328	 9246	 1137
9247	 9099	 9247	 1162
9248	 9240	 9248	 1188
9250	 9166	 9250	 1227
9252	 9262	 9252	 1278
9252	 9318	 92520	 1279
9252	 9180	 925200	 1280
9255	 9190	 9255	 1362
9256	 9322	 9256	 1386
9256	 9324	 92560	 1387
9259	 9267	 9259	 1467
9260	 9184	 9260	 1491
9261	 9253	 9261	 1517
9261	 9256	 92610	 1518
9261	 9186	 926100	 1519
9261	 9409	 9261000	 1520
9262	 9339	 9262	 1543
9262	 9108	 92620	 1544
9263	 9183	 9263	 1567
9267	 9194	 9267	 1671
9269	 9414	 9269	 1729
9271	 9415	 9271	 1776
9272	 9340	 9272	 1804
9273	 9343	 9273	 1830
9273	 9202	 92730	 1831
9273	 9124	 927300	 1832
9274	 9264	 9274	 1855
9274	 9281	 92740	 1856
9275	 9421	 9275	 1882
9276	 9198	 9276	 1917
9276	 9199	 92760	 1918
9277	 9359	 9277	 1942
9277	 9128	 92770	 1943
9277	 9199	 927700	 1944
9278	 9127	 9278	 1977
9278	 9204	 92780	 1978
9278	 9130	 927800	 1979
9279	 9353	 9279	 2012
9279	 9283	 92790	 2013
9279	 9051	 927900	 2014
9281	 9136	 9281	 2078
9282	 9133	 9282	 2101
9282	 9283	 92820	 2102
9282	 9126	 928200	 2103
9283	 9139	 9283	 2137
9284	 9208	 9284	 2170
9284	 9204	 92840	 2171
9284	 9199	 928400	 2172
9285	 9134	 9285	 2196
9286	 9371	 9286	 2223
9288	 9296	 9288	 2261
9288	 9370	 92880	 2262
9289	 9434	 9289	 2280
9289	 9209	 92890	 2281
9289	 9212	 928900	 2282
9290	 9288	 9290	 2306
9291	 9441	 9291	 2327
9291	 9295	 92910	 2328
9293	 9437	 9293	 2368
9293	 9445	 92930	 2369
9293	 9436	 929300	 2370
9301	 9291	 9301	 31
9301	 9155	 93010	 32
9301	 9386	 930100	 33
9301	 9368	 9301000	 34
9302	 9236	 9302	 57
9302	 9386	 93020	 58
9302	 9216	 930200	 59
9304	 9079	 9304	 107
9305	 9370	 9305	 140
9305	 9309	 93050	 141
9305	 9314	 930500	 142
9306	 9228	 9306	 163
9307	 9374	 9307	 188
9310	 9458	 9310	 268
9310	 9386	 93100	 269
9311	 9302	 9311	 297
9313	 9312	 9313	 337
9313	 9162	 93130	 338
9314	 9310	 9314	 359
9314	 9089	 93140	 360
9315	 9168	 9315	 386
9315	 9319	 93150	 387
9315	 9169	 931500	 388
9316	 9323	 9316	 418
9316	 9246	 93160	 419
9316	 9248	 931600	 420
9316	 9243	 9316000	 421
9319	 9244	 9319	 491
9319	 9398	 93190	 492
9321	 9406	 9321	 535
9322	 9325	 9322	 557
9323	 9328	 9323	 585
9323	 9404	 93230	 586
9323	 9175	 932300	 587
9324	 9246	 9324	 609
9324	 9332	 93240	 610
9324	 9176	 932400	 611
9325	 9390	 9325	 639
9325	 9410	 93250	 640
9325	 9468	 932500	 641
9326	 9406	 9326	 659
9327	 9102	 9327	 681
9328	 9409	 9328	 704
9329	 9101	 9329	 726
9330	 9261	 9330	 751
9330	 9328	 93300	 752
9330	 9254	 933000	 753
9331	 9179	 9331	 775
9331	 9326	 93310	 776
9331	 9396	 933100	 777
9333	 9264	 9333	 821
9334	 9268	 9334	 844
9335	 9328	 9335	 864
9335	 9481	 93350	 865
9336	 9111	 9336	 880
9337	 9181	 9337	 898
9338	 9191	 9338	 915
9338	 9341	 93380	 916
9338	 9258	 933800	 917
9339	 9333	 9339	 941
9339	 9269	 93390	 942
9340	 9271	 9340	 963
9340	 9350	 93400	 964
9343	 9340	 9343	 1050
9345	 9354	 9345	 1111
9347	 9353	 9347	 1163
9347	 9355	 93470	 1164
9348	 9193	 9348	 1189
9349	 9352	 9349	 1210
9350	 9356	 9350	 1228
9351	 9428	 9351	 1250
9351	 9204	 93510	 1251
9351	 9281	 935100	 1252
9351	 9207	 9351000	 1253
9352	 9271	 9352	 1281
9352	 9351	 93520	 1282
9353	 9357	 9353	 1306
9353	 9272	 93530	 1307
9354	 9437	 9354	 1334
9354	 9207	 93540	 1335
9354	 9364	 935400	 1336
9354	 9507	 9354000	 1337
9356	 9435	 9356	 1388
9356	 9198	 93560	 1389
9358	 9353	 9358	 1439
9360	 9427	 9360	 1492
9361	 9283	 9361	 1521
9361	 9440	 93610	 1522
9362	 9360	 9362	 1545
9363	 9438	 9363	 1568
9364	 9368	 9364	 1591
9364	 9210	 93640	 1592
9365	 9442	 9365	 1620
9366	 9222	 9366	 1648
9366	 9144	 93660	 1649
9367	 9286	 9367	 1672
9367	 9447	 93670	 1673
9369	 9303	 9369	 1730
9369	 9517	 93690	 1731
9370	 9516	 9370	 1755
9370	 9221	 93700	 1756
9371	 9143	 9371	 1777
9371	 9437	 93710	 1778
9371	 9215	 937100	 1779
9372	 9292	 9372	 1805
9372	 9451	 93720	 1806
9372	 9366	 937200	 1807
9375	 9519	 9375	 1883
9375	 9456	 93750	 1884
9375	 9308	 937500	 1885
9375	 9526	 9375000	 1886
9375	 9382	 93750000	 1887
9376	 9520	 9376	 1919
9376	 9382	 93760	 1920
9377	 9302	 9377	 1945
9378	 9305	 9378	 1980
9378	 9525	 93780	 1981
9378	 9153	 937800	 1982
9379	 9299	 9379	 2015
9379	 9533	 93790	 2016
9379	 9298	 937900	 2017
9381	 9309	 9381	 2079
9381	 9373	 93810	 2080
9381	 9229	 938100	 2081
9382	 9529	 9382	 2104
9382	 9299	 93820	 2105
9383	 9533	 9383	 2138
9383	 9304	 93830	 2139
9383	 9233	 938300	 2140
9383	 9229	 9383000	 2141
9383	 9532	 93830000	 2142
9384	 9535	 9384	 2173
9384	 9228	 93840	 2174
9384	 9537	 938400	 2175
9387	 9539	 9387	 2245
9388	 9304	 9388	 2263
9389	 9313	 9389	 2283
9389	 9310	 93890	 2284
9391	 9244	 9391	 2329
9391	 9326	 93910	 2330
9393	 9478	 9393	 2371
9400	 9320	 9400	 8
9400	 9482	 94000	 9
9401	 9623	 9401	 35
9401	 9481	 94010	 36
9402	 9256	 9402	 60
9403	 9337	 9403	 85
9403	 9179	 94030	 86
9404	 9324	 9404	 108
9404	 9323	 94040	 109
9405	 9321	 9405	 143
9406	 9403	 9406	 164
9406	 9405	 94060	 165
9407	 9257	 9407	 189
9407	 9556	 94070	 190
9408	 9490	 9408	 217
9408	 9399	 94080	 218
9409	 9265	 9409	 243
9410	 9413	 9410	 270
9411	 9265	 9411	 298
9411	 9479	 94110	 299
9412	 9338	 9412	 317
9413	 9480	 9413	 339
9414	 9342	 9414	 361
9417	 9414	 9417	 450
9418	 9349	 9418	 471
9418	 9269	 94180	 472
9418	 9561	 941800	 473
9419	 9571	 9419	 493
9419	 9341	 94190	 494
9419	 9344	 941900	 495
9420	 9337	 9420	 515
9420	 9499	 94200	 516
9422	 9197	 9422	 558
9422	 9275	 94220	 559
9423	 9339	 9423	 588
9424	 9429	 9424	 612
9425	 9496	 9425	 642
9427	 9271	 9427	 682
9427	 9500	 94270	 683
9428	 9347	 9428	 705
9428	 9432	 94280	 706
9429	 9513	 9429	 727
9429	 9499	 94290	 728
9429	 9280	 942900	 729
9429	 9585	 9429000	 730
9429	 9586	 94290000	 731
9430	 9286	 9430	 754
9430	 9276	 94300	 755
9430	 9421	 943000	 756
9431	 9578	 9431	 778
9432	 9366	 9432	 794
9433	 9280	 9433	 822
9434	 9656	 9434	 845
9434	 9368	 94340	 846
9435	 9355	 9435	 866
9436	 9369	 9436	 881
9436	 9440	 94360	 882
9436	 9508	 943600	 883
9436	 9592	 9436000	 884
9437	 9280	 9437	 899
9439	 9364	 9439	 943
9439	 9283	 94390	 944
9440	 9289	 9440	 965
9440	 9665	 94400	 966
9441	 9366	 9441	 996
9441	 9437	 94410	 997
9442	 9296	 9442	 1027
9443	 9368	 9443	 1051
9444	 9296	 9444	 1078
9444	 9365	 94440	 1079
9444	 9519	 944400	 1080
9446	 9455	 9446	 1138
9447	 9375	 9447	 1165
9447	 9518	 94470	 1166
9448	 9513	 9448	 1190
9448	 9375	 94480	 1191
9449	 9451	 9449	 1211
9449	 9439	 94490	 1212
9450	 9524	 9450	 1229
9451	 9298	 9451	 1254
9451	 9459	 94510	 1255
9453	 9601	 9453	 1308
9453	 9377	 94530	 1309
9453	 9449	 945300	 1310
9454	 9375	 9454	 1338
9454	 9608	 94540	 1339
9455	 9456	 9455	 1363
9456	 9681	 9456	 1390
9456	 9604	 94560	 1391
9456	 9387	 945600	 1392
9457	 9373	 9457	 1419
9458	 9305	 9458	 1440
9460	 9388	 9460	 1493
9461	 9380	 9461	 1523
9462	 9379	 9462	 1546
9462	 9529	 94620	 1547
9462	 9381	 946200	 1548
9462	 9237	 9462000	 1549
9463	 9454	 9463	 1569
9464	 9236	 9464	 1593
9464	 9384	 94640	 1594
9464	 9457	 946400	 1595
9465	 9471	 9465	 1621
9465	 9543	 94650	 1622
9465	 9618	 946500	 1623
9465	 9546	 9465000	 1624
9466	 9320	 9466	 1650
9466	 9316	 94660	 1651
9466	 9540	 946600	 1652
9467	 9318	 9467	 1674
9468	 9320	 9468	 1694
9468	 9392	 94680	 1695
9468	 9548	 946800	 1696
9469	 9626	 9469	 1732
9469	 9545	 94690	 1733
9470	 9692	 9470	 1757
9471	 9481	 9471	 1780
9472	 9320	 9472	 1808
9476	 9331	 9476	 1921
9476	 9396	 94760	 1922
9477	 9558	 9477	 1946
9477	 9621	 94770	 1947
9477	 9401	 947700	 1948
9478	 9485	 9478	 1983
9478	 9469	 94780	 1984
9479	 9406	 9479	 2018
9479	 9486	 94790	 2019
9480	 9478	 9480	 2040
9480	 9255	 94800	 2041
9480	 9555	 948000	 2042
9481	 9475	 9481	 2082
9481	 9563	 94810	 2083
9481	 9397	 948100	 2084
9482	 9638	 9482	 2106
9484	 9333	 9484	 2176
9485	 9408	 9485	 2197
9486	 9340	 9486	 2224
9487	 9564	 9487	 2246
9488	 9562	 9488	 2264
9489	 9333	 9489	 2285
9489	 9414	 94890	 2286
9489	 9495	 948900	 2287
9489	 9646	 9489000	 2288
9490	 9421	 9490	 2307
9491	 9563	 9491	 2331
9491	 9559	 94910	 2332
9492	 9649	 9492	 2349
9493	 9636	 9493	 2372
9493	 9428	 94930	 2373
9500	 9566	 9500	 10
9500	 9351	 95000	 11
9501	 9587	 9501	 37
9502	 9356	 9502	 61
9502	 9578	 95020	 62
9502	 9353	 950200	 63
9503	 9579	 9503	 87
9504	 9510	 9504	 110
9506	 9579	 9506	 166
9506	 9358	 95060	 167
9507	 9358	 9507	 191
9507	 9429	 95070	 192
9508	 9363	 9508	 219
9508	 9661	 95080	 220
9509	 9429	 9509	 244
9509	 9503	 95090	 245
9511	 9366	 9511	 300
9512	 9509	 9512	 318
9513	 9504	 9513	 340
9513	 9369	 95130	 341
9513	 9508	 951300	 342
9513	 9518	 9513000	 343
9514	 9524	 9514	 362
9515	 9670	 9515	 389
9516	 9363	 9516	 422
9516	 9744	 95160	 423
9516	 9436	 951600	 424
9517	 9373	 9517	 451
9517	 9670	 95170	 452
9518	 9585	 9518	 474
9519	 9371	 9519	 496
9519	 9663	 95190	 497
9520	 9367	 9520	 517
9520	 9600	 95200	 518
9522	 9441	 9522	 560
9522	 9595	 95220	 561
9523	 9670	 9523	 589
9523	 9445	 95230	 590
9524	 9604	 9524	 613
9524	 9379	 95240	 614
9527	 9455	 9527	 684
9528	 9461	 9528	 707
9529	 9375	 9529	 732
9529	 9522	 95290	 733
9529	 9374	 952900	 734
9529	 9755	 9529000	 735
9530	 9455	 9530	 757
9530	 9450	 95300	 758
9530	 9534	 953000	 759
9530	 9678	 9530000	 760
9532	 9678	 9532	 795
9532	 9380	 95320	 796
9532	 9600	 953200	 797
9533	 9459	 9533	 823
9533	 9462	 95330	 824
9535	 9389	 9535	 867
9535	 9614	 95350	 868
9537	 9459	 9537	 900
9539	 9683	 9539	 945
9539	 9533	 95390	 946
9539	 9684	 953900	 947
9541	 9316	 9541	 998
9541	 9540	 95410	 999
9541	 9544	 954100	 1000
9542	 9469	 9542	 1028
9542	 9541	 95420	 1029
9542	 9465	 954200	 1030
9544	 9396	 9544	 1081
9544	 9552	 95440	 1082
9545	 9397	 9545	 1112
9547	 9691	 9547	 1167
9547	 9621	 95470	 1168
9547	 9695	 954700	 1169
9549	 9619	 9549	 1213
9549	 9402	 95490	 1214
9551	 9544	 9551	 1256
9552	 9407	 9552	 1283
9553	 9561	 9553	 1311
9553	 9548	 95530	 1312
9554	 9556	 9554	 1340
9556	 9547	 9556	 1393
9556	 9476	 95560	 1394
9556	 9471	 955600	 1395
9557	 9477	 9557	 1420
9558	 9702	 9558	 1441
9559	 9566	 9559	 1468
9560	 9563	 9560	 1494
9560	 9335	 95600	 1495
9561	 9413	 9561	 1524
9562	 9554	 9562	 1550
9562	 9709	 95620	 1551
9562	 9572	 956200	 1552
9564	 9486	 9564	 1596
9564	 9570	 95640	 1597
9565	 9495	 9565	 1625
9565	 9492	 95650	 1626
9566	 9485	 9566	 1653
9566	 9710	 95660	 1654
9566	 9481	 956600	 1655
9567	 9411	 9567	 1675
9568	 9793	 9568	 1697
9568	 9487	 95680	 1698
9569	 9565	 9569	 1734
9569	 9419	 95690	 1735
9570	 9562	 9570	 1758
9571	 9648	 9571	 1781
9573	 9427	 9573	 1833
9573	 9717	 95730	 1834
9574	 9352	 9574	 1857
9574	 9719	 95740	 1858
9574	 9720	 957400	 1859
9575	 9719	 9575	 1888
9575	 9496	 95750	 1889
9575	 9799	 957500	 1890
9576	 9571	 9576	 1923
9576	 9430	 95760	 1924
9578	 9505	 9578	 1985
9579	 9807	 9579	 2020
9580	 9662	 9580	 2043
9580	 9650	 95800	 2044
9580	 9502	 958000	 2045
9581	 9579	 9581	 2085
9581	 9731	 95810	 2086
9582	 9503	 9582	 2107
9582	 9649	 95820	 2108
9583	 9577	 9583	 2143
9583	 9733	 95830	 2144
9584	 9513	 9584	 2177
9584	 9589	 95840	 2178
9585	 9576	 9585	 2198
9586	 9364	 9586	 2225
9586	 9585	 95860	 2226
9586	 9504	 958600	 2227
9587	 9666	 9587	 2247
9587	 9581	 95870	 2248
9588	 9654	 9588	 2265
9588	 9661	 95880	 2266
9588	 9739	 958800	 2267
9589	 9367	 9589	 2289
9590	 9657	 9590	 2308
9591	 9446	 9591	 2333
9592	 9516	 9592	 2350
9593	 9365	 9593	 2374
9601	 9677	 9601	 38
9602	 9604	 9602	 64
9602	 9599	 96020	 65
9602	 9672	 960200	 66
9603	 9525	 9603	 88
9603	 9758	 96030	 89
9604	 9521	 9604	 111
9604	 9597	 96040	 112
9605	 9613	 9605	 144
9605	 9530	 96050	 145
9606	 9532	 9606	 168
9606	 9755	 96060	 169
9607	 9385	 9607	 193
9607	 9379	 96070	 194
9609	 9601	 9609	 246
9609	 9606	 96090	 247
9609	 9460	 960900	 248
9610	 9530	 9610	 271
9611	 9757	 9611	 301
9612	 9685	 9612	 319
9612	 9603	 96120	 320
9612	 9757	 961200	 321
9612	 9689	 9612000	 322
9613	 9535	 9613	 344
9614	 9532	 9614	 363
9614	 9612	 96140	 364
9614	 9683	 961400	 365
9615	 9622	 9615	 390
9615	 9546	 96150	 391
9615	 9467	 961500	 392
9615	 9772	 9615000	 393
9616	 9543	 9616	 425
9616	 9391	 96160	 426
9616	 9695	 961600	 427
9616	 9693	 9616000	 428
9616	 9691	 96160000	 429
9616	 9701	 961600000	 430
9617	 9469	 9617	 453
9617	 9620	 96170	 454
9618	 9774	 9618	 475
9619	 9771	 9619	 498
9619	 9466	 96190	 499
9620	 9470	 9620	 519
9621	 9769	 9621	 536
9622	 9546	 9622	 562
9622	 9698	 96220	 563
9623	 9540	 9623	 591
9624	 9690	 9624	 615
9625	 9630	 9625	 643
9625	 9479	 96250	 644
9626	 9709	 9626	 660
9627	 9706	 9627	 685
9628	 9472	 9628	 708
9629	 9545	 9629	 736
9629	 9407	 96290	 737
9630	 9562	 9630	 761
9630	 9631	 96300	 762
9631	 9623	 9631	 779
9632	 9777	 9632	 798
9632	 9565	 96320	 799
9633	 9636	 9633	 825
9634	 9560	 9634	 847
9638	 9628	 9638	 918
9638	 9703	 96380	 919
9639	 9496	 9639	 948
9640	 9485	 9640	 967
9640	 9646	 96400	 968
9641	 9497	 9641	 1001
9642	 9797	 9642	 1031
9643	 9493	 9643	 1052
9643	 9868	 96430	 1053
9643	 9492	 964300	 1054
9643	 9650	 9643000	 1055
9644	 9568	 9644	 1083
9644	 9571	 96440	 1084
9644	 9795	 964400	 1085
9644	 9486	 9644000	 1086
9645	 9725	 9645	 1113
9645	 9799	 96450	 1114
9645	 9723	 964500	 1115
9646	 9721	 9646	 1139
9647	 9574	 9647	 1170
9647	 9500	 96470	 1171
9648	 9576	 9648	 1192
9649	 9506	 9649	 1215
9649	 9499	 96490	 1216
9650	 9495	 9650	 1230
9651	 9660	 9651	 1257
9653	 9729	 9653	 1313
9653	 9721	 96530	 1314
9654	 9739	 9654	 1341
9655	 9738	 9655	 1364
9657	 9501	 9657	 1421
9657	 9588	 96570	 1422
9657	 9506	 965700	 1423
9657	 9667	 9657000	 1424
9658	 9648	 9658	 1442
9658	 9734	 96580	 1443
9658	 9503	 965800	 1444
9658	 9573	 9658000	 1445
9659	 9664	 9659	 1469
9660	 9740	 9660	 1496
9660	 9745	 96600	 1497
9661	 9507	 9661	 1525
9661	 9727	 96610	 1526
9663	 9807	 9663	 1570
9664	 9519	 9664	 1598
9664	 9508	 96640	 1599
9665	 9738	 9665	 1627
9665	 9586	 96650	 1628
9666	 9888	 9666	 1656
9667	 9668	 9667	 1676
9668	 9667	 9668	 1699
9668	 9677	 96680	 1700
9668	 9811	 966800	 1701
9668	 9823	 9668000	 1702
9669	 9738	 9669	 1736
9669	 9751	 96690	 1737
9669	 9661	 966900	 1738
9670	 9604	 9670	 1759
9671	 9592	 9671	 1782
9671	 9600	 96710	 1783
9672	 9894	 9672	 1809
9673	 9829	 9673	 1835
9673	 9748	 96730	 1836
9674	 9446	 9674	 1860
9675	 9672	 9675	 1891
9675	 9748	 96750	 1892
9676	 9822	 9676	 1925
9677	 9905	 9677	 1949
9678	 9753	 9678	 1986
9678	 9455	 96780	 1987
9679	 9596	 9679	 2021
9679	 9453	 96790	 2022
9680	 9683	 9680	 2046
9680	 9536	 96800	 2047
9680	 9670	 968000	 2048
9681	 9597	 9681	 2087
9682	 9828	 9682	 2109
9682	 9751	 96820	 2110
9682	 9834	 968200	 2111
9683	 9680	 9683	 2145
9683	 9758	 96830	 2146
9683	 9829	 968300	 2147
9684	 9753	 9684	 2179
9685	 9535	 9685	 2199
9685	 9681	 96850	 2200
9685	 9611	 968500	 2201
9686	 9760	 9686	 2228
9686	 9763	 96860	 2229
9688	 9836	 9688	 2268
9693	 9620	 9693	 2375
9700	 9691	 9700	 12
9701	 9626	 9701	 39
9701	 9705	 97010	 40
9703	 9771	 9703	 90
9703	 9708	 97030	 91
9703	 9778	 970300	 92
9703	 9852	 9703000	 93
9704	 9635	 9704	 113
9705	 9635	 9705	 146
9705	 9789	 97050	 147
9706	 9621	 9706	 170
9706	 9934	 97060	 171
9706	 9624	 970600	 172
9707	 9850	 9707	 195
9707	 9702	 97070	 196
9707	 9785	 970700	 197
9708	 9860	 9708	 221
9710	 9709	 9710	 272
9712	 9636	 9712	 323
9713	 9857	 9713	 345
9713	 9859	 97130	 346
9714	 9719	 9714	 366
9715	 9862	 9715	 394
9715	 9713	 97150	 395
9715	 9630	 971500	 396
9715	 9644	 9715000	 397
9717	 9569	 9717	 455
9719	 9642	 9719	 500
9719	 9797	 97190	 501
9721	 9642	 9721	 537
9722	 9787	 9722	 564
9722	 9571	 97220	 565
9722	 9638	 972200	 566
9723	 9646	 9723	 592
9724	 9797	 9724	 616
9725	 9640	 9725	 645
9725	 9726	 97250	 646
9726	 9650	 9726	 661
9727	 9575	 9727	 686
9728	 9506	 9728	 709
9731	 9796	 9731	 780
9733	 9651	 9733	 826
9734	 9879	 9734	 848
9734	 9726	 97340	 849
9735	 9731	 9735	 869
9736	 9585	 9736	 885
9737	 9658	 9737	 901
9738	 9887	 9738	 920
9739	 9661	 9739	 949
9739	 9884	 97390	 950
9740	 9965	 9740	 969
9740	 9655	 97400	 970
9740	 9658	 974000	 971
9740	 9589	 9740000	 972
9740	 9592	 97400000	 973
9740	 9510	 974000000	 974
9741	 9597	 9741	 1002
9742	 9891	 9742	 1032
9743	 9670	 9743	 1056
9743	 9748	 97430	 1057
9743	 9818	 974300	 1058
9744	 9753	 9744	 1087
9745	 9828	 9745	 1116
9745	 9675	 97450	 1117
9746	 9745	 9746	 1140
9746	 9902	 97460	 1141
9747	 9680	 9747	 1172
9747	 9757	 97470	 1173
9747	 9598	 974700	 1174
9748	 9973	 9748	 1193
9748	 9902	 97480	 1194
9748	 9594	 974800	 1195
9749	 9665	 9749	 1217
9751	 9834	 9751	 1258
9751	 9677	 97510	 1259
9752	 9686	 9752	 1284
9754	 9529	 9754	 1342
9754	 9902	 97540	 1343
9755	 9678	 9755	 1365
9756	 9677	 9756	 1396
9757	 9904	 9757	 1425
9758	 9914	 9758	 1446
9759	 9838	 9759	 1470
9759	 9835	 97590	 1471
9759	 9761	 975900	 1472
9761	 9679	 9761	 1527
9762	 9912	 9762	 1553
9767	 9618	 9767	 1677
9768	 9919	 9768	 1703
9769	 9697	 9769	 1739
9769	 9624	 97690	 1740
9769	 9621	 976900	 1741
9770	 9548	 9770	 1760
9770	 9925	 97700	 1761
9771	 9624	 9771	 1784
9771	 9840	 97710	 1785
9771	 9844	 977100	 1786
9775	 9766	 9775	 1893
9775	 9924	 97750	 1894
9776	 9922	 9776	 1926
9777	 9846	 9777	 1950
9778	 9697	 9778	 1988
9779	 9626	 9779	 2023
9780	 9864	 9780	 2049
9780	 9851	 97800	 2050
9782	 9775	 9782	 2112
9782	 9790	 97820	 2113
9782	 9781	 978200	 2114
9783	 9706	 9783	 2148
9783	 9860	 97830	 2149
9784	 9866	 9784	 2180
9784	 9710	 97840	 2181
9785	 9702	 9785	 2202
9785	 9700	 97850	 2203
9785	 9850	 978500	 2204
9786	 9867	 9786	 2230
9787	 9785	 9787	 2249
9789	 9866	 9789	 2290
9789	 9636	 97890	 2291
9790	 9709	 9790	 2309
9790	 9865	 97900	 2310
9791	 9714	 9791	 2334
9791	 9871	 97910	 2335
9793	 9871	 9793	 2376
9800	 9944	 9800	 13
9800	 9733	 98000	 14
9800	 9578	 980000	 15
9801	 9810	 9801	 41
9802	 9947	 9802	 67
9803	 9875	 9803	 94
9803	 9724	 98030	 95
9804	 10026	 9804	 114
9804	 9649	 98040	 115
9804	 9885	 980400	 116
9806	 9803	 9806	 173
9806	 9810	 98060	 174
9806	 9871	 980600	 175
9807	 9884	 9807	 198
9807	 9809	 98070	 199
9808	 9883	 9808	 222
9808	 9738	 98080	 223
9810	 9742	 9810	 273
9810	 9658	 98100	 274
9811	 9744	 9811	 302
9812	 9740	 9812	 324
9812	 9667	 98120	 325
9813	 9962	 9813	 347
9813	 9970	 98130	 348
9815	 9661	 9815	 398
9815	 9738	 98150	 399
9816	 9750	 9816	 431
9817	 9963	 9817	 456
9818	 9809	 9818	 476
9819	 9669	 9819	 502
9820	 9821	 9820	 520
9821	 9902	 9821	 538
9821	 9826	 98210	 539
9821	 9892	 982100	 540
9822	 9667	 9822	 567
9822	 9672	 98220	 568
9823	 9903	 9823	 593
9824	 9676	 9824	 617
9826	 9756	 9826	 662
9826	 9741	 98260	 663
9826	 9892	 982600	 664
9827	 9905	 9827	 687
9828	 10050	 9828	 710
9831	 9762	 9831	 781
9832	 9913	 9832	 800
9832	 9906	 98320	 801
9832	 9984	 983200	 802
9833	 9989	 9833	 827
9835	 9759	 9835	 870
9835	 9764	 98350	 871
9838	 9684	 9838	 921
9839	 9904	 9839	 951
9840	 9997	 9840	 975
9840	 9916	 98400	 976
9841	 9923	 9841	 1003
9841	 9844	 98410	 1004
9841	 9692	 984100	 1005
9841	 9992	 9841000	 1006
9843	 9996	 9843	 1059
9843	 9928	 98430	 1060
9843	 9915	 984300	 1061
9844	 9991	 9844	 1088
9844	 9696	 98440	 1089
9844	 9850	 984400	 1090
9844	 9997	 9844000	 1091
9844	 10001	 98440000	 1092
9845	 9998	 9845	 1118
9846	 9997	 9846	 1142
9846	 9931	 98460	 1143
9847	 9922	 9847	 1175
9848	 9694	 9848	 1196
9849	 9857	 9849	 1218
9850	 9784	 9850	 1231
9851	 9919	 9851	 1260
9851	 9855	 98510	 1261
9851	 10074	 985100	 1262
9853	 9696	 9853	 1315
9853	 9773	 98530	 1316
9854	 9862	 9854	 1344
9854	 9701	 98540	 1345
9855	 10000	 9855	 1366
9855	 10006	 98550	 1367
9856	 9850	 9856	 1397
9856	 9851	 98560	 1398
9857	 9859	 9857	 1426
9858	 10086	 9858	 1447
9858	 9850	 98580	 1448
9858	 9775	 985800	 1449
9859	 9707	 9859	 1473
9859	 10012	 98590	 1474
9859	 10005	 985900	 1475
9860	 9790	 9860	 1498
9860	 9935	 98600	 1499
9861	 10012	 9861	 1528
9861	 9712	 98610	 1529
9862	 9795	 9862	 1554
9862	 9860	 98620	 1555
9863	 9867	 9863	 1571
9864	 10015	 9864	 1600
9864	 9943	 98640	 1601
9865	 9866	 9865	 1629
9865	 9788	 98650	 1630
9866	 10018	 9866	 1657
9866	 9863	 98660	 1658
9867	 9719	 9867	 1678
9867	 9717	 98670	 1679
9867	 9789	 986700	 1680
9868	 9725	 9868	 1704
9868	 9878	 98680	 1705
9868	 9785	 986800	 1706
9868	 9792	 9868000	 1707
9868	 9949	 98680000	 1708
9869	 9719	 9869	 1742
9870	 9786	 9870	 1762
9870	 9873	 98700	 1763
9871	 9646	 9871	 1787
9871	 9725	 98710	 1788
9871	 9797	 987100	 1789
9871	 9790	 9871000	 1790
9871	 9867	 98710000	 1791
9872	 9871	 9872	 1810
9872	 9723	 98720	 1811
9873	 9949	 9873	 1837
9873	 10022	 98730	 1838
9873	 10026	 987300	 1839
9874	 10099	 9874	 1861
9876	 9947	 9876	 1927
9876	 9868	 98760	 1928
9876	 9958	 987600	 1929
9877	 9728	 9877	 1951
9877	 10102	 98770	 1952
9878	 9802	 9878	 1989
9878	 9796	 98780	 1990
9879	 9885	 9879	 2024
9879	 9880	 98790	 2025
9880	 9799	 9880	 2051
9880	 10031	 98800	 2052
9880	 9658	 988000	 2053
9880	 9887	 9880000	 2054
9881	 9797	 9881	 2088
9882	 9729	 9882	 2115
9882	 9812	 98820	 2116
9882	 10027	 988200	 2117
9884	 9959	 9884	 2182
9884	 9733	 98840	 2183
9887	 9810	 9887	 2250
9888	 9880	 9888	 2269
9889	 9806	 9889	 2292
9889	 9811	 98890	 2293
9890	 9737	 9890	 2311
9891	 9966	 9891	 2336
9891	 9820	 98910	 2337
9893	 9899	 9893	 2377
9893	 9896	 98930	 2378
9900	 9753	 9900	 16
9901	 9906	 9901	 42
9901	 9976	 99010	 43
9902	 9821	 9902	 68
9902	 9826	 99020	 69
9903	 9747	 9903	 96
9903	 10059	 99030	 97
9903	 9987	 990300	 98
9903	 9836	 9903000	 99
9904	 9676	 9904	 117
9904	 10054	 99040	 118
9905	 9972	 9905	 148
9906	 9979	 9906	 176
9908	 9983	 9908	 224
9908	 10133	 99080	 225
9909	 9976	 9909	 249
9910	 9987	 9910	 275
9911	 9839	 9911	 303
9912	 9982	 9912	 326
9914	 9757	 9914	 367
9915	 9920	 9915	 400
9916	 9843	 9916	 432
9916	 9849	 99160	 433
9917	 9842	 9917	 457
9918	 9853	 9918	 477
9918	 9775	 99180	 478
9918	 9693	 991800	 479
9919	 9926	 9919	 503
9920	 9991	 9920	 521
9920	 10065	 99200	 522
9920	 9999	 992000	 523
9921	 9993	 9921	 541
9921	 9924	 99210	 542
9921	 9849	 992100	 543
9923	 10070	 9923	 594
9923	 10002	 99230	 595
9924	 9772	 9924	 618
9924	 9918	 99240	 619
9925	 9996	 9925	 647
9926	 10072	 9926	 665
9926	 10003	 99260	 666
9926	 9841	 992600	 667
9927	 10011	 9927	 688
9927	 9933	 99270	 689
9927	 9934	 992700	 690
9928	 9931	 9928	 711
9928	 9925	 99280	 712
9929	 10157	 9929	 738
9930	 10000	 9930	 763
9931	 10016	 9931	 782
9931	 10002	 99310	 783
9932	 10087	 9932	 803
9933	 10088	 9933	 828
9936	 10018	 9936	 886
9936	 9867	 99360	 887
9937	 10005	 9937	 902
9938	 10015	 9938	 922
9938	 10087	 99380	 923
9940	 9939	 9940	 977
9940	 9855	 99400	 978
9941	 9933	 9941	 1007
9942	 10099	 9942	 1033
9942	 10022	 99420	 1034
9942	 9787	 994200	 1035
9944	 10012	 9944	 1093
9945	 9879	 9945	 1119
9946	 10101	 9946	 1144
9946	 9801	 99460	 1145
9946	 9937	 994600	 1146
9947	 9951	 9947	 1176
9947	 9877	 99470	 1177
9948	 9804	 9948	 1197
9948	 9940	 99480	 1198
9951	 10102	 9951	 1263
9952	 10106	 9952	 1285
9953	 9796	 9953	 1317
9953	 9883	 99530	 1318
9954	 9952	 9954	 1346
9954	 10026	 99540	 1347
9955	 9961	 9955	 1368
9955	 10033	 99550	 1369
9955	 9951	 995500	 1370
9956	 10111	 9956	 1399
9956	 10178	 99560	 1400
9957	 9811	 9957	 1427
9958	 9801	 9958	 1450
9958	 9880	 99580	 1451
9959	 9953	 9959	 1476
9960	 9887	 9960	 1500
9960	 9815	 99600	 1501
9960	 10034	 996000	 1502
9960	 9805	 9960000	 1503
9962	 9892	 9962	 1556
9964	 10044	 9964	 1602
9965	 9809	 9965	 1631
9966	 9813	 9966	 1659
9966	 9899	 99660	 1660
9967	 9957	 9967	 1681
9967	 9813	 99670	 1682
9968	 10192	 9968	 1709
9969	 9816	 9969	 1743
9970	 9900	 9970	 1764
9971	 9895	 9971	 1792
9971	 10199	 99710	 1793
9973	 10056	 9973	 1840
9974	 10119	 9974	 1862
9974	 10043	 99740	 1863
9975	 9981	 9975	 1895
9976	 9909	 9976	 1930
9977	 10124	 9977	 1953
9977	 10045	 99770	 1954
9978	 9980	 9978	 1991
9979	 9904	 9979	 2026
9980	 10045	 9980	 2055
9982	 9757	 9982	 2118
9983	 9902	 9983	 2150
9984	 9900	 9984	 2184
9985	 9835	 9985	 2205
9985	 9900	 99850	 2206
9986	 10130	 9986	 2231
9986	 9907	 99860	 2232
9986	 9835	 998600	 2233
9988	 9837	 9988	 2270
9989	 9835	 9989	 2294
9989	 9985	 99890	 2295
9989	 9984	 998900	 2296
9990	 10073	 9990	 2312
9990	 10074	 99900	 2313
9990	 9846	 999000	 2314
9991	 9840	 9991	 2338
9991	 9768	 99910	 2339
9992	 10140	 9992	 2351
9992	 10001	 99920	 2352
9992	 9991	 999200	 2353
9992	 10143	 9992000	 2354
9993	 9997	 9993	 2379
9993	 10222	 99930	 2380
10000	 9931	 10000	 17
10000	 10074	 100000	 18
10002	 10150	 10002	 70
10002	 10007	 100020	 71
10003	 10079	 10003	 100
10004	 10147	 10004	 119
10004	 9938	 100040	 120
10004	 9859	 1000400	 121
10005	 10153	 10005	 149
10006	 9938	 10006	 177
10007	 9938	 10007	 200
10007	 10151	 100070	 201
10007	 10004	 1000700	 202
10007	 10089	 10007000	 203
10008	 9852	 10008	 226
10008	 10160	 100080	 227
10009	 9853	 10009	 250
10010	 10161	 10010	 276
10010	 10093	 100100	 277
10014	 10083	 10014	 368
10014	 9790	 100140	 369
10015	 9863	 10015	 401
10015	 9930	 100150	 402
10016	 10017	 10016	 434
10017	 9951	 10017	 458
10018	 9872	 10018	 480
10019	 10013	 10019	 504
10021	 9871	 10021	 544
10022	 10167	 10022	 569
10022	 10030	 100220	 570
10022	 10096	 1002200	 571
10022	 9949	 10022000	 572
10023	 10031	 10023	 596
10024	 9879	 10024	 620
10024	 10094	 100240	 621
10025	 9868	 10025	 648
10026	 10034	 10026	 668
10027	 10252	 10027	 691
10027	 10177	 100270	 692
10028	 9957	 10028	 713
10028	 10250	 100280	 714
10028	 9958	 1002800	 715
10029	 10112	 10029	 739
10030	 9962	 10030	 764
10031	 9961	 10031	 784
10031	 10030	 100310	 785
10031	 10032	 1003100	 786
10032	 9967	 10032	 804
10033	 9960	 10033	 829
10033	 10115	 100330	 830
10034	 10112	 10034	 850
10036	 9888	 10036	 888
10039	 10113	 10039	 952
10040	 9885	 10040	 979
10040	 10037	 100400	 980
10042	 10041	 10042	 1036
10043	 10120	 10043	 1062
10044	 9893	 10044	 1094
10044	 9977	 100440	 1095
10044	 9900	 1004400	 1096
10044	 9822	 10044000	 1097
10048	 10133	 10048	 1199
10049	 9973	 10049	 1219
10051	 10126	 10051	 1264
10052	 9967	 10052	 1286
10054	 10052	 10054	 1348
10055	 10058	 10055	 1371
10056	 9987	 10056	 1401
10056	 10137	 100560	 1402
10057	 10048	 10057	 1428
10058	 10049	 10058	 1452
10059	 9988	 10059	 1477
10059	 9979	 100590	 1478
10059	 10212	 1005900	 1479
10060	 9983	 10060	 1504
10060	 10205	 100600	 1505
10062	 10209	 10062	 1557
10062	 9912	 100620	 1558
10062	 9985	 1006200	 1559
10064	 10207	 10064	 1603
10065	 10068	 10065	 1632
10067	 10144	 10067	 1683
10067	 10071	 100670	 1684
10068	 9999	 10068	 1710
10068	 9994	 100680	 1711
10068	 10074	 1006800	 1712
10068	 10151	 10068000	 1713
10069	 10068	 10069	 1744
10070	 10075	 10070	 1765
10070	 9997	 100700	 1766
10071	 10153	 10071	 1794
10072	 9995	 10072	 1812
10072	 9926	 100720	 1813
10072	 10147	 1007200	 1814
10073	 10146	 10073	 1841
10074	 10007	 10074	 1864
10074	 10149	 100740	 1865
10074	 10084	 1007400	 1866
10075	 10156	 10075	 1896
10076	 10143	 10076	 1931
10077	 10228	 10077	 1955
10077	 10080	 100770	 1956
10078	 10162	 10078	 1992
10078	 10231	 100780	 1993
10079	 10070	 10079	 2027
10079	 10225	 100790	 2028
10080	 10079	 10080	 2056
10080	 10005	 100800	 2057
10080	 10149	 1008000	 2058
10080	 9855	 10080000	 2059
10081	 10153	 10081	 2089
10081	 10004	 100810	 2090
10082	 10016	 10082	 2119
10082	 9925	 100820	 2120
10082	 10076	 1008200	 2121
10084	 9938	 10084	 2185
10084	 10228	 100840	 2186
10085	 10079	 10085	 2207
10085	 9858	 100850	 2208
10086	 9935	 10086	 2234
10087	 10078	 10087	 2251
10087	 10160	 100870	 2252
10087	 10090	 1008700	 2253
10088	 10014	 10088	 2271
10089	 10086	 10089	 2297
10090	 9945	 10090	 2315
10091	 9939	 10091	 2340
10092	 10099	 10092	 2355
10092	 10086	 100920	 2356
10092	 9866	 1009200	 2357
10100	 10171	 10100	 19
10102	 10111	 10102	 72
10102	 10095	 101020	 73
10104	 10189	 10104	 122
10104	 10037	 101040	 123
10104	 10032	 1010400	 124
10105	 9953	 10105	 150
10105	 10189	 101050	 151
10106	 10096	 10106	 178
10107	 10027	 10107	 204
10107	 10186	 101070	 205
10107	 10023	 1010700	 206
10107	 10117	 10107000	 207
10108	 10027	 10108	 228
10109	 9956	 10109	 251
10109	 10037	 101090	 252
10109	 10042	 1010900	 253
10109	 9954	 10109000	 254
10110	 9964	 10110	 278
10110	 10192	 101100	 279
10110	 9966	 1011000	 280
10112	 10103	 10112	 327
10112	 10107	 101120	 328
10112	 10038	 1011200	 329
10113	 10265	 10113	 349
10113	 10261	 101130	 350
10113	 10187	 1011300	 351
10114	 10271	 10114	 370
10115	 10187	 10115	 403
10115	 9971	 101150	 404
10116	 10193	 10116	 435
10116	 10267	 101160	 436
10117	 10271	 10117	 459
10117	 10191	 101170	 460
10117	 10051	 1011700	 461
10118	 10126	 10118	 481
10118	 9962	 101180	 482
10119	 9967	 10119	 505
10119	 10041	 101190	 506
10120	 10275	 10120	 524
10120	 10203	 101200	 525
10120	 10264	 1012000	 526
10121	 10191	 10121	 545
10121	 10042	 101210	 546
10122	 10038	 10122	 573
10122	 10044	 101220	 574
10122	 10054	 1012200	 575
10122	 10275	 10122000	 576
10123	 9898	 10123	 597
10123	 10272	 101230	 598
10124	 10115	 10124	 622
10124	 9977	 101240	 623
10125	 10053	 10125	 649
10125	 10123	 101250	 650
10126	 10192	 10126	 669
10126	 10128	 101260	 670
10127	 9972	 10127	 693
10127	 10270	 101270	 694
10128	 10213	 10128	 716
10128	 10132	 101280	 717
10129	 9978	 10129	 740
10129	 10124	 101290	 741
10129	 10207	 1012900	 742
10130	 9905	 10130	 765
10130	 10128	 101300	 766
10130	 10055	 1013000	 767
10132	 9983	 10132	 805
10132	 10054	 101320	 806
10132	 9984	 1013200	 807
10132	 10125	 10132000	 808
10134	 9989	 10134	 851
10135	 10211	 10135	 872
10136	 10208	 10136	 889
10136	 9988	 101360	 890
10138	 9983	 10138	 924
10139	 10059	 10139	 953
10140	 10224	 10140	 981
10140	 10147	 101400	 982
10140	 10143	 1014000	 983
10140	 9997	 10140000	 984
10141	 10149	 10141	 1008
10141	 10074	 101410	 1009
10141	 10071	 1014100	 1010
10141	 9998	 10141000	 1011
10142	 10140	 10142	 1037
10143	 10216	 10143	 1063
10143	 10070	 101430	 1064
10143	 10144	 1014300	 1065
10143	 10067	 10143000	 1066
10144	 9994	 10144	 1098
10145	 10079	 10145	 1120
10145	 10229	 101450	 1121
10145	 10154	 1014500	 1122
10145	 10223	 10145000	 1123
10145	 10224	 101450000	 1124
10146	 10073	 10146	 1147
10146	 10074	 101460	 1148
10147	 10071	 10147	 1178
10148	 10073	 10148	 1200
10148	 9996	 101480	 1201
10148	 10216	 1014800	 1202
10149	 10001	 10149	 1220
10150	 9925	 10150	 1232
10150	 10083	 101500	 1233
10151	 10229	 10151	 1265
10151	 10150	 101510	 1266
10151	 10146	 1015100	 1267
10152	 10001	 10152	 1287
10152	 10155	 101520	 1288
10153	 10075	 10153	 1319
10154	 9926	 10154	 1349
10154	 10162	 101540	 1350
10154	 10074	 1015400	 1351
10155	 10150	 10155	 1372
10155	 10009	 101550	 1373
10156	 10075	 10156	 1403
10156	 10235	 101560	 1404
10157	 10235	 10157	 1429
10158	 10227	 10158	 1453
10158	 10002	 101580	 1454
10158	 10088	 1015800	 1455
10158	 9933	 10158000	 1456
10158	 10166	 101580000	 1457
10159	 10075	 10159	 1480
10160	 10153	 10160	 1506
10161	 10240	 10161	 1530
10161	 10018	 101610	 1531
10162	 10018	 10162	 1560
10162	 10245	 101620	 1561
10163	 10087	 10163	 1572
10163	 10086	 101630	 1573
10163	 10164	 1016300	 1574
10164	 10156	 10164	 1604
10165	 10230	 10165	 1633
10166	 10234	 10166	 1661
10167	 10011	 10167	 1685
10168	 10088	 10168	 1714
10169	 9944	 10169	 1745
10170	 10098	 10170	 1767
10170	 10178	 101700	 1768
10171	 10095	 10171	 1795
10171	 9949	 101710	 1796
10172	 10018	 10172	 1815
10172	 10239	 101720	 1816
10172	 10173	 1017200	 1817
10173	 10245	 10173	 1842
10173	 10103	 101730	 1843
10175	 9953	 10175	 1897
10175	 10095	 101750	 1898
10176	 10249	 10176	 1932
10177	 10170	 10177	 1957
10177	 10034	 101770	 1958
10178	 10251	 10178	 1994
10178	 10112	 101780	 1995
10179	 10030	 10179	 2029
10179	 10182	 101790	 2030
10180	 10171	 10180	 2060
10181	 10109	 10181	 2091
10181	 10025	 101810	 2092
10182	 10099	 10182	 2122
10182	 10108	 101820	 2123
10183	 10248	 10183	 2151
10183	 10256	 101830	 2152
10183	 10113	 1018300	 2153
10184	 10261	 10184	 2187
10184	 10253	 101840	 2188
10185	 10176	 10185	 2209
10186	 10177	 10186	 2235
10186	 10182	 101860	 2236
10187	 10102	 10187	 2254
10187	 10110	 101870	 2255
10188	 10267	 10188	 2272
10188	 10261	 101880	 2273
10189	 10108	 10189	 2298
10190	 10196	 10190	 2316
10190	 10273	 101900	 2317
10191	 10115	 10191	 2341
10191	 10118	 101910	 2342
10191	 10114	 1019100	 2343
10191	 9963	 10191000	 2344
10192	 10114	 10192	 2358
10192	 10046	 101920	 2359
10192	 10049	 1019200	 2360
10200	 10196	 10200	 20
10200	 10052	 102000	 21
10201	 10267	 10201	 44
10201	 9976	 102010	 45
10202	 10119	 10202	 74
10202	 10199	 102020	 75
10204	 10054	 10204	 125
10204	 10280	 102040	 126
10206	 10056	 10206	 179
10207	 10129	 10207	 208
10208	 10126	 10208	 229
10208	 10130	 102080	 230
10209	 10203	 10209	 255
10210	 10203	 10210	 281
10211	 9983	 10211	 304
10212	 10203	 10212	 330
10213	 10061	 10213	 352
10213	 10134	 102130	 353
10214	 10135	 10214	 371
10214	 10058	 102140	 372
10215	 10066	 10215	 405
10216	 10217	 10216	 437
10217	 10140	 10217	 462
10221	 10141	 10221	 547
10221	 10068	 102210	 548
10222	 10074	 10222	 577
10223	 10225	 10223	 599
10223	 10144	 102230	 600
10223	 10141	 1022300	 601
10224	 10159	 10224	 624
10224	 10141	 102240	 625
10226	 10154	 10226	 671
10226	 10235	 102260	 672
10227	 10005	 10227	 695
10228	 10230	 10228	 718
10229	 10149	 10229	 743
10230	 10159	 10230	 768
10232	 10004	 10232	 809
10233	 10161	 10233	 831
10234	 10150	 10234	 852
10234	 10090	 102340	 853
10235	 10085	 10235	 873
10236	 10087	 10236	 891
10236	 10165	 102360	 892
10236	 10155	 1023600	 893
10237	 10154	 10237	 903
10237	 10244	 102370	 904
10237	 10168	 1023700	 905
10238	 10160	 10238	 925
10238	 10010	 102380	 926
10238	 10228	 1023800	 927
10239	 10094	 10239	 954
10239	 10166	 102390	 955
10241	 10236	 10241	 1012
10241	 10087	 102410	 1013
10241	 10235	 1024100	 1014
10241	 10233	 10241000	 1015
10242	 10250	 10242	 1038
10242	 10172	 102420	 1039
10243	 10018	 10243	 1067
10243	 10171	 102430	 1068
10243	 10175	 1024300	 1069
10243	 10238	 10243000	 1070
10244	 10093	 10244	 1099
10244	 10238	 102440	 1100
10244	 10178	 1024400	 1101
10245	 10243	 10245	 1125
10245	 10089	 102450	 1126
10245	 10092	 1024500	 1127
10245	 10252	 10245000	 1128
10246	 10101	 10246	 1149
10246	 10178	 102460	 1150
10247	 10099	 10247	 1179
10249	 10167	 10249	 1221
10249	 10242	 102490	 1222
10250	 10179	 10250	 1234
10250	 10244	 102500	 1235
10250	 10176	 1025000	 1236
10251	 10174	 10251	 1268
10251	 10184	 102510	 1269
10252	 10185	 10252	 1289
10252	 10251	 102520	 1290
10252	 10027	 1025200	 1291
10253	 10176	 10253	 1320
10254	 10179	 10254	 1352
10254	 10026	 102540	 1353
10255	 10174	 10255	 1374
10256	 10112	 10256	 1405
10257	 10110	 10257	 1430
10258	 10192	 10258	 1458
10260	 10262	 10260	 1507
10262	 10256	 10262	 1562
10263	 10108	 10263	 1575
10263	 10260	 102630	 1576
10264	 10042	 10264	 1605
10266	 10198	 10266	 1662
10267	 10120	 10267	 1686
10268	 10267	 10268	 1715
10268	 10269	 102680	 1716
10268	 10198	 1026800	 1717
10269	 10193	 10269	 1746
10270	 10191	 10270	 1769
10271	 10115	 10271	 1797
10272	 10277	 10272	 1818
10272	 10276	 102720	 1819
10273	 10127	 10273	 1844
10273	 10274	 102730	 1845
10273	 10122	 1027300	 1846
10273	 10265	 10273000	 1847
10274	 10120	 10274	 1867
10274	 10118	 102740	 1868
10274	 10201	 1027400	 1869
10274	 10123	 10274000	 1870
10275	 10127	 10275	 1899
10275	 10282	 102750	 1900
10275	 10120	 1027500	 1901
10275	 10211	 10275000	 1902
10276	 10123	 10276	 1933
10276	 10193	 102760	 1934
10277	 10052	 10277	 1959
10277	 10196	 102770	 1960
10277	 10129	 1027700	 1961
10277	 10128	 10277000	 1962
10278	 10201	 10278	 1996
10278	 10284	 102780	 1997
10279	 10278	 10279	 2031
10279	 10273	 102790	 2032
10280	 10196	 10280	 2061
10280	 10205	 102800	 2062
10280	 10214	 1028000	 2063
10280	 10283	 10280000	 2064
10282	 10198	 10282	 2124
10282	 10208	 102820	 2125
10283	 10214	 10283	 2154
10283	 10280	 102830	 2155
